,tuning_method,run,bandwidth,reg,MSE (Estimation),MSE (Prediction)
0,CrossValidation5Fold,0,1.631578947368421,0.004210526894736843,0.040333887813028685,0.8573858328196734
1,CrossValidation5Fold,1,1.4210526315789473,0.0015789482105263157,0.05569706540818365,0.8166108482447535
2,CrossValidation5Fold,2,1.0,0.01,0.07321467760022321,0.9494728986486698
3,CrossValidation5Fold,3,2.473684210526316,0.0005263167368421053,0.06774375690268035,0.9400837622679348
4,CrossValidation5Fold,4,1.0,0.0005263167368421053,0.14294887660872796,0.8745216138591552
5,CrossValidation5Fold,5,2.263157894736842,0.0010526324736842105,0.03303220457767821,0.8202508569308083
6,CrossValidation5Fold,6,1.0,0.0005263167368421053,0.10182893342005077,0.8313630500685844
7,CrossValidation5Fold,7,1.0,0.0068421055789473694,0.05937417291826977,0.9067415155480854
8,CrossValidation5Fold,8,1.0,0.0010526324736842105,0.09340330669429736,0.93814972123696
9,CrossValidation5Fold,9,1.0,0.0031578954210526315,0.08495334319339493,1.020453715396743
10,CrossValidation5Fold,10,1.4210526315789473,0.008421052789473684,0.045032730417393176,0.9855735944473881
11,CrossValidation5Fold,11,2.263157894736842,0.0010526324736842105,0.04896532967786357,0.9689074173270085
12,CrossValidation5Fold,12,1.0,0.01,0.11234819470380165,0.8805119674629032
13,CrossValidation5Fold,13,1.2105263157894737,0.0026315796842105266,0.08151164477981127,0.9143039177230571
14,CrossValidation5Fold,14,1.631578947368421,0.0031578954210526315,0.09132553577621624,0.955708948006251
15,CrossValidation5Fold,15,2.6842105263157894,0.0005263167368421053,0.00913502961556161,0.9391657738943019
16,CrossValidation5Fold,16,1.8421052631578947,0.0031578954210526315,0.04940403114692987,1.0767622028993349
17,CrossValidation5Fold,17,1.631578947368421,0.0015789482105263157,0.11054744084850679,0.8199313251082149
18,CrossValidation5Fold,18,1.0,0.01,0.04921229373096887,0.9276466258241939
19,CrossValidation5Fold,19,2.473684210526316,0.0005263167368421053,0.0345722314591057,0.7720294935519992
20,CrossValidation5Fold,20,2.894736842105263,0.0005263167368421053,0.025905207146890284,0.9519859339925858
21,CrossValidation5Fold,21,2.052631578947368,0.002105263947368421,0.07588003299710279,1.0577975498188024
22,CrossValidation5Fold,22,2.263157894736842,0.0010526324736842105,0.026171918474213674,0.9850646472480683
23,CrossValidation5Fold,23,1.631578947368421,0.0031578954210526315,0.05823333943934795,0.9453722769153804
24,CrossValidation5Fold,24,2.473684210526316,0.0005263167368421053,0.027113882976909424,0.7743530704343144
25,CrossValidation5Fold,25,1.4210526315789473,0.003684211157894737,0.039802654369740856,0.9466857846480394
26,CrossValidation5Fold,26,1.0,0.01,0.05749419582025494,0.925654459794743
27,CrossValidation5Fold,27,2.473684210526316,0.0005263167368421053,0.03612639398005368,0.9637237470186458
28,CrossValidation5Fold,28,2.263157894736842,0.0010526324736842105,0.049215030707691836,0.8246989971963982
29,CrossValidation5Fold,29,1.631578947368421,0.002105263947368421,0.0544746717020332,0.8049834621103626
30,CrossValidation5Fold,30,1.0,0.0031578954210526315,0.07199696610814663,0.7010765120597833
31,CrossValidation5Fold,31,2.263157894736842,0.0005263167368421053,0.02142515313583407,0.9091138834428439
32,CrossValidation5Fold,32,2.263157894736842,0.002105263947368421,0.038016562126088865,1.0301188215442494
33,CrossValidation5Fold,33,2.473684210526316,0.0005263167368421053,0.021944286732574706,0.8898437567399498
34,CrossValidation5Fold,34,1.0,0.007368421315789474,0.06302814057234428,0.8532324330471289
35,CrossValidation5Fold,35,1.0,0.01,0.03291182490863553,0.8663952615285226
36,CrossValidation5Fold,36,2.263157894736842,0.0015789482105263157,0.030759140879054757,0.9186932680880727
37,CrossValidation5Fold,37,1.0,0.01,0.07298376581877429,0.7774872061628337
38,CrossValidation5Fold,38,1.8421052631578947,0.0010526324736842105,0.04700543485451032,0.963096776156658
39,CrossValidation5Fold,39,2.473684210526316,0.0010526324736842105,0.06240106071330041,0.9789997816445704
40,CrossValidation5Fold,40,1.0,0.002105263947368421,0.09207850874874039,0.8220221247319534
41,CrossValidation5Fold,41,2.473684210526316,0.0005263167368421053,0.05303806817497832,0.8667360311432967
42,CrossValidation5Fold,42,2.263157894736842,0.0005263167368421053,0.06447842825496487,0.9717641891955668
43,CrossValidation5Fold,43,2.052631578947368,0.0015789482105263157,0.034568124707957705,0.9380711575474756
44,CrossValidation5Fold,44,1.0,0.01,0.05864951079861571,0.721060870238814
45,CrossValidation5Fold,45,1.0,0.01,0.051396003876475,0.8462000582320366
46,CrossValidation5Fold,46,2.473684210526316,0.0005263167368421053,0.05538105337112919,0.9311304258384564
47,CrossValidation5Fold,47,2.052631578947368,0.0005263167368421053,0.078529511199637,1.1032593092629732
48,CrossValidation5Fold,48,2.052631578947368,0.0010526324736842105,0.03922958593160374,1.0003765903652704
49,CrossValidation5Fold,49,2.473684210526316,0.0015789482105263157,0.033287405961061875,0.9145330056756598
50,CrossValidation5Fold,50,2.052631578947368,0.0026315796842105266,0.02192963352420071,1.0493289316811423
51,CrossValidation5Fold,51,1.4210526315789473,0.007894737052631579,0.056466267416533704,1.065081105909544
52,CrossValidation5Fold,52,1.8421052631578947,0.0010526324736842105,0.040355986330062266,0.9168981301928733
53,CrossValidation5Fold,53,1.4210526315789473,0.0026315796842105266,0.08369552445379826,1.0601807875799683
54,CrossValidation5Fold,54,1.0,0.002105263947368421,0.09083308031306551,0.8825845629323823
55,CrossValidation5Fold,55,1.4210526315789473,0.0005263167368421053,0.06315333295259644,0.8957508843512889
56,CrossValidation5Fold,56,1.0,0.01,0.08991202421235546,0.8958503417374826
57,CrossValidation5Fold,57,2.473684210526316,0.0005263167368421053,0.05373301830744559,0.9079455883007296
58,CrossValidation5Fold,58,1.0,0.0026315796842105266,0.11861797640604099,0.7312846902216619
59,CrossValidation5Fold,59,1.8421052631578947,0.0015789482105263157,0.07990823011260498,0.8619286945901599
60,CrossValidation5Fold,60,1.0,0.01,0.10223933959269506,0.9337091620915983
61,CrossValidation5Fold,61,2.263157894736842,0.0010526324736842105,0.02834416320555507,1.0340513891201086
62,CrossValidation5Fold,62,2.263157894736842,0.0005263167368421053,0.08253533704552599,0.8868499681444905
63,CrossValidation5Fold,63,2.263157894736842,0.0010526324736842105,0.04683782889761513,0.9200253940979661
64,CrossValidation5Fold,64,2.263157894736842,0.0010526324736842105,0.07810461061235814,0.9197707372026261
65,CrossValidation5Fold,65,1.8421052631578947,0.006315789842105264,0.07398332278316522,1.1100530290116897
66,CrossValidation5Fold,66,2.6842105263157894,0.0010526324736842105,0.06952311090505053,0.9093182129823855
67,CrossValidation5Fold,67,2.473684210526316,0.0010526324736842105,0.08066165987116261,0.9132393868018519
68,CrossValidation5Fold,68,1.631578947368421,0.0010526324736842105,0.08499084639233288,0.8914371172327711
69,CrossValidation5Fold,69,2.473684210526316,0.0005263167368421053,0.03523972619213198,0.8699253569825467
70,CrossValidation5Fold,70,2.052631578947368,0.002105263947368421,0.05667091955576911,0.9481750608434689
71,CrossValidation5Fold,71,1.0,0.01,0.07981025269939197,0.8173910286869708
72,CrossValidation5Fold,72,1.0,0.01,0.06803337985350569,0.9759123002225494
73,CrossValidation5Fold,73,2.6842105263157894,0.0005263167368421053,0.0352604007992891,0.923486172497665
74,CrossValidation5Fold,74,2.263157894736842,0.0015789482105263157,0.028796067508718094,0.9525574024259226
75,CrossValidation5Fold,75,2.6842105263157894,0.0005263167368421053,0.020349361740859804,1.0885964404814772
76,CrossValidation5Fold,76,2.473684210526316,0.0005263167368421053,0.05109763132398808,0.8826639698792633
77,CrossValidation5Fold,77,2.052631578947368,0.0010526324736842105,0.08425187343057434,0.9719252642726278
78,CrossValidation5Fold,78,1.8421052631578947,0.003684211157894737,0.07603498829842964,0.8679775693261551
79,CrossValidation5Fold,79,1.0,0.01,0.03445477838237334,0.9433088348255545
80,CrossValidation5Fold,80,2.6842105263157894,0.0005263167368421053,0.02791094578095339,0.8550772221870827
81,CrossValidation5Fold,81,2.473684210526316,0.002105263947368421,0.013262947594841763,0.8503751041330421
82,CrossValidation5Fold,82,2.6842105263157894,0.0005263167368421053,0.05342964398167296,0.8272157161680768
83,CrossValidation5Fold,83,1.0,0.0031578954210526315,0.08194413722640416,0.8882324327573758
84,CrossValidation5Fold,84,1.8421052631578947,0.004736842631578948,0.035878481656032406,0.9154489113746641
85,CrossValidation5Fold,85,1.8421052631578947,0.0005263167368421053,0.11692644079522588,0.7898126589432644
86,CrossValidation5Fold,86,2.263157894736842,0.0015789482105263157,0.06552902512464413,0.9104341082114995
87,CrossValidation5Fold,87,1.631578947368421,0.0026315796842105266,0.04633963394229327,0.9973673258720148
88,CrossValidation5Fold,88,2.263157894736842,0.0015789482105263157,0.03442676598228304,0.9377462347026075
89,CrossValidation5Fold,89,2.052631578947368,0.0010526324736842105,0.045480627497295964,0.8201916836565054
90,CrossValidation5Fold,90,1.631578947368421,0.0015789482105263157,0.047861691811507366,0.7844848543018579
91,CrossValidation5Fold,91,1.8421052631578947,0.002105263947368421,0.044738788032100414,0.84974098383318
92,CrossValidation5Fold,92,1.4210526315789473,0.005263158368421054,0.07678578833830366,0.940462321009008
93,CrossValidation5Fold,93,1.0,0.01,0.07283240540974328,0.9321776701407276
94,CrossValidation5Fold,94,1.0,0.005789474105263159,0.05106410223757095,0.9950399967715551
95,CrossValidation5Fold,95,1.2105263157894737,0.004736842631578948,0.1052625660286229,0.8102231427157406
96,CrossValidation5Fold,96,1.8421052631578947,0.0010526324736842105,0.033218842872898786,0.8242176971503596
97,CrossValidation5Fold,97,2.263157894736842,0.0015789482105263157,0.027036511171535996,0.9467896967272991
98,CrossValidation5Fold,98,2.263157894736842,0.0005263167368421053,0.052666659485253495,0.8111823625552048
99,CrossValidation5Fold,99,2.263157894736842,0.0015789482105263157,0.0272597651971781,1.1543198060532398
100,Optuna5Fold,0,1.008879895818107,0.007026116226083099,0.0527887664466653,0.9488314934313182
101,Optuna5Fold,1,1.8462600504218993,0.001894388758143335,0.06123834113520063,0.8118793286230024
102,Optuna5Fold,2,1.243797689491019,0.003940687467781423,0.15216131653794351,1.0769211676656374
103,Optuna5Fold,3,1.6407441622544747,0.004055435441240264,0.04956814319312869,0.8408546886617536
104,Optuna5Fold,4,2.5121977217348355,0.0010790989540249872,0.055419327960692294,0.9236996470880176
105,Optuna5Fold,5,1.2056341841446865,0.0077345829667351896,0.0451375610380972,0.854927532727921
106,Optuna5Fold,6,1.3139691301193945,0.0011376474490947853,0.06875773758472523,0.869898861707745
107,Optuna5Fold,7,1.8155281460597619,0.0011613540101906316,0.09925596438792501,0.7954403721226165
108,Optuna5Fold,8,1.0013758934003478,0.007385612164526901,0.05712443046696069,0.7912258148954655
109,Optuna5Fold,9,1.0045711514240376,0.009147830877677001,0.046942779947979796,1.0324894889184797
110,Optuna5Fold,10,1.535251761623936,0.0016142569513314452,0.04846550547017991,0.7299336710053775
111,Optuna5Fold,11,1.0042142313110882,0.009744268150363581,0.06551574377614973,0.9870220572487628
112,Optuna5Fold,12,1.0085802147492322,0.006389269016039398,0.03901563225269264,0.9000674509939792
113,Optuna5Fold,13,1.0392016432348532,0.007084907680076213,0.0472896360027642,1.0265259526624813
114,Optuna5Fold,14,1.805782150783016,0.004986254987679204,0.0846515533403827,1.017897663102435
115,Optuna5Fold,15,1.5746659811408759,0.005448440628410307,0.06971280573080336,0.9293047744299298
116,Optuna5Fold,16,1.8948297440118422,0.002943350741321659,0.022817625294723358,0.9912637309960249
117,Optuna5Fold,17,1.0086025514256465,0.005566845415639866,0.08258911018434624,0.8530910797158433
118,Optuna5Fold,18,1.9974096497586478,0.0025333862465531415,0.06000901151643207,0.9180989011056832
119,Optuna5Fold,19,1.0522494343864455,0.006801950188897828,0.06311510997817293,0.9786532409929662
120,Optuna5Fold,20,2.022412242270639,0.0007973156126925389,0.08178492152473339,0.9542324715055305
121,Optuna5Fold,21,1.0997678496075276,0.003528746651641241,0.06853049309065665,0.9676434284094368
122,Optuna5Fold,22,1.5771623158915105,0.0014837725167388444,0.05283538025113137,0.7536081130909185
123,Optuna5Fold,23,1.5800755406229796,0.006776875676525296,0.04218746944832981,0.9125602379588748
124,Optuna5Fold,24,1.874030159604627,0.0013631002033742924,0.04744066617361847,0.8675878800998543
125,Optuna5Fold,25,1.9147956216090476,0.003435825426837458,0.06174441305393778,0.8851063934896564
126,Optuna5Fold,26,1.5547954744391939,0.0011997732221391232,0.08765333037321538,0.7660463420180728
127,Optuna5Fold,27,2.144297949772952,0.0030869018980236754,0.022325411643283034,1.1529590903984692
128,Optuna5Fold,28,2.0008268413869286,0.0026663461202451827,0.050960414680366425,1.0602266310418593
129,Optuna5Fold,29,1.0119097744430732,0.006966574275940268,0.06127995755359153,0.781488803609439
130,Optuna5Fold,30,1.3877892476054985,0.008165247574243951,0.04132486867867682,1.0797340515965042
131,Optuna5Fold,31,1.002274090183464,0.006145043071997818,0.08708920600280624,0.8515095132685113
132,Optuna5Fold,32,1.4206001975774225,0.0011901087705432313,0.07737877733409841,0.837114418202045
133,Optuna5Fold,33,1.3519792780947222,0.006479804331151496,0.03204435531230188,0.954488142106384
134,Optuna5Fold,34,2.60798298274399,0.001471355195173395,0.07153162718328726,0.7974415098770992
135,Optuna5Fold,35,1.5827804944983304,0.004039910210877715,0.07552450890212604,0.8687327379054954
136,Optuna5Fold,36,1.0038451722619228,0.009422861194461599,0.0971191351218978,0.957413260955072
137,Optuna5Fold,37,1.0066122700560989,0.00806291618830492,0.06306836503968474,0.8888950288394623
138,Optuna5Fold,38,1.7841646471753552,0.0038674887019409126,0.06394094172820869,1.0383320192540655
139,Optuna5Fold,39,1.919040214068167,0.004095838957877057,0.037625750995124704,0.8374355328599715
140,Optuna5Fold,40,1.0111639820356417,0.009691967296567046,0.10252534484110637,0.9502432478444188
141,Optuna5Fold,41,1.026093768271558,0.0064785922635960495,0.1062213934173863,0.9877957527921986
142,Optuna5Fold,42,1.9388253705845535,0.003293015348549209,0.04807825341456504,0.8314640471244643
143,Optuna5Fold,43,1.9287455654284833,0.0011492317638312776,0.06221636639850277,0.915295441828263
144,Optuna5Fold,44,1.4544990592994667,0.009765013423310109,0.03710320180599409,1.1145494671326293
145,Optuna5Fold,45,1.0036433690196545,0.00716086736370135,0.05060374212464861,0.9172808910516335
146,Optuna5Fold,46,2.1068259861111094,0.0017439694350443605,0.06596443189614057,1.0547861329500983
147,Optuna5Fold,47,2.6453668729934976,0.0009591013693422351,0.034239820875189994,1.0133632177239846
148,Optuna5Fold,48,2.4297362439869024,0.0015841404870421876,0.02750681627761894,0.8565622879575449
149,Optuna5Fold,49,2.045010295021757,0.002616509606851549,0.06145466692797439,0.9121707655823004
150,Optuna5Fold,50,2.132073853805876,0.0018171542183664407,0.03163094115773829,0.8295807450823043
151,Optuna5Fold,51,1.0011123606861188,0.007935296072930354,0.0369171641129429,0.7818099394892657
152,Optuna5Fold,52,1.0436958220274803,0.0003975895699442225,0.10405659951308177,0.8455920380998659
153,Optuna5Fold,53,1.3456141580415302,0.003030457776975277,0.05236507027757379,0.8622612353398819
154,Optuna5Fold,54,1.0062412568225587,0.006636503503081419,0.04372038617672636,0.7558471223251558
155,Optuna5Fold,55,1.9753279174261977,0.0011009767648793055,0.07403435134523273,0.7392355730721542
156,Optuna5Fold,56,1.872951876320956,0.007947908281735463,0.06703680867136083,1.1683535343169458
157,Optuna5Fold,57,1.016599551887529,0.009928529258157034,0.07727020260172891,0.8479575317426438
158,Optuna5Fold,58,2.347626348999197,0.0009717580692298947,0.0623585385745279,0.9491930721328845
159,Optuna5Fold,59,1.6909943463158252,0.0013430838055488426,0.05218179050282776,0.8783493724896323
160,Optuna5Fold,60,1.318423536406419,0.009990248467582185,0.06739443717723231,0.8280717354162762
161,Optuna5Fold,61,1.6816181818287668,0.0020482804729563342,0.07677605358736476,1.042448058797121
162,Optuna5Fold,62,1.0163096431596155,0.004082101054005437,0.08346215847657831,0.9395543687983486
163,Optuna5Fold,63,1.955601982651877,0.001105213909030847,0.03270218666876375,0.9603223354752624
164,Optuna5Fold,64,1.0030578303500342,0.009984149223195784,0.0844575724425476,1.0090008949320157
165,Optuna5Fold,65,1.4034660664910505,0.0019207555429747677,0.10362024364542233,1.0229564553739143
166,Optuna5Fold,66,2.2839684260643733,0.001278312241990113,0.051861854951892425,0.9118168878690704
167,Optuna5Fold,67,2.1283808104835966,0.0015906100777219713,0.045548400636575226,0.9927967949029446
168,Optuna5Fold,68,1.8759006389980357,0.0057144818165553056,0.0259382540977737,0.9061964671665705
169,Optuna5Fold,69,1.0475142135253543,0.002927916542695767,0.07802742437756609,1.0374488865300802
170,Optuna5Fold,70,1.534093349420381,0.0019337512209093158,0.07009459823035366,0.6729281700463665
171,Optuna5Fold,71,1.0180180550104194,0.006807172443297302,0.1006902233837984,0.8690737395693096
172,Optuna5Fold,72,2.143355255373028,0.0007216705785436416,0.0684747057740505,0.8498236960325433
173,Optuna5Fold,73,1.0019325336421463,0.007546509953691163,0.10344690343445957,0.8028688410060976
174,Optuna5Fold,74,1.9374419317854445,0.002958724421589012,0.038996591259755846,0.948850441397602
175,Optuna5Fold,75,3.1458142678726624,6.85428085676627e-05,0.04882960142063549,0.7864119376124961
176,Optuna5Fold,76,2.1674148829340276,0.002269321642265287,0.0658697935624265,0.9059493778248887
177,Optuna5Fold,77,2.5457492139491644,0.0007394138006328358,0.036418643697271186,0.9491539951573742
178,Optuna5Fold,78,2.5705176405809,0.0009059286005841304,0.049291237762817845,1.226644880196317
179,Optuna5Fold,79,1.0124147060186182,0.006770069860506223,0.058388493417790135,0.8364396493489363
180,Optuna5Fold,80,1.503001544965797,0.0023354986730332204,0.07922578863297053,0.9660184488337785
181,Optuna5Fold,81,1.0181746279776542,0.004731949004551235,0.0581262326877223,0.905518659448451
182,Optuna5Fold,82,1.9535425601695473,0.002126387249839068,0.031113635209887244,0.929998063617779
183,Optuna5Fold,83,1.000081965442618,0.006353384664614232,0.07662898356354683,1.0087343984908488
184,Optuna5Fold,84,1.0221524107847062,0.009925187995119726,0.0747936995948693,0.8574349822694188
185,Optuna5Fold,85,2.0390188605588575,0.003099599471110121,0.04156894686898699,1.0224239544766778
186,Optuna5Fold,86,1.0507877559677608,0.008121948832762118,0.049292533024156836,0.90473692929941
187,Optuna5Fold,87,1.6494569346023613,0.0013738083940081597,0.055772513120588146,0.9953982266864643
188,Optuna5Fold,88,1.2378904693186292,0.009697382988433511,0.06753165433797019,0.9131590701584207
189,Optuna5Fold,89,2.3685604047886875,0.0029088772617884826,0.06323544813000287,1.025229047111943
190,Optuna5Fold,90,1.8038321076933097,0.003712275583548071,0.027377967293038052,0.9951029755392361
191,Optuna5Fold,91,1.0000549377186663,0.004992197219729391,0.09675276647873901,0.9219050535669814
192,Optuna5Fold,92,1.0177774251445555,0.007765414498859929,0.08959761839742507,0.8341945416490778
193,Optuna5Fold,93,1.8215774685387274,0.0026349320290100548,0.03973206171641418,0.9956752769429348
194,Optuna5Fold,94,2.3937382745358455,0.0010612767964009622,0.06758753637356595,0.893724880019672
195,Optuna5Fold,95,2.049075986104431,0.0034320149677974023,0.04233611366436055,0.9358910912617625
196,Optuna5Fold,96,1.7335362995813022,0.00214680147262368,0.059083790713811465,0.9923904733288288
197,Optuna5Fold,97,1.010086453853673,0.007564546482294174,0.06295508173195528,0.872565619714167
198,Optuna5Fold,98,2.1122931897095176,0.0011170227843184228,0.021912167980454828,0.9169035121734788
199,Optuna5Fold,99,2.164897589778797,0.0009445026517252203,0.051130236238414305,0.899519177753466
